2.6304e-01
2.7540e-01
2.3390e-01
2.5967e-01
2.5508e-01
2.2172e-01
2.4741e-01
2.7821e-01
2.5446e-01
2.9003e-01
2.2870e-01
2.4781e-01
3.0057e-01
2.0501e-01
2.6411e-01
2.5499e-01
2.2146e-01
2.5000e-01
2.1341e-01
2.4146e-01
2.7273e-01
2.3669e-01
2.1643e-01
2.6659e-01
2.8188e-01
2.4045e-01
2.2819e-01
2.0408e-01
3.1320e-01
2.8045e-01
2.5984e-01
2.2385e-01
2.7563e-01
2.9621e-01
3.1454e-01
2.2136e-01
2.9736e-01
2.5759e-01
2.8263e-01
2.6941e-01
2.4687e-01
2.7873e-01
2.7828e-01
2.5397e-01
3.0726e-01
2.4059e-01
2.3423e-01
2.5057e-01
2.0318e-01
2.8188e-01
2.4114e-01
3.1377e-01
2.6387e-01
2.6535e-01
2.9651e-01
2.3356e-01
2.8205e-01
2.6674e-01
2.8160e-01
2.8188e-01
2.7376e-01
2.0316e-01
2.1088e-01
2.0763e-01
2.6233e-01
2.5984e-01
2.4201e-01
2.2676e-01
2.7563e-01
2.6517e-01
3.1691e-01
3.0035e-01
2.9596e-01
2.4579e-01
2.2136e-01
2.9801e-01
2.5056e-01
2.8009e-01
2.3128e-01
2.4036e-01
2.6949e-01
2.5028e-01
2.2087e-01
2.0663e-01
2.4153e-01
3.0212e-01
2.0536e-01
2.6374e-01
2.8229e-01
2.5810e-01
2.2956e-01
2.5000e-01
2.3180e-01
2.1699e-01
2.5084e-01
1.9774e-01
2.4862e-01
2.2973e-01
2.8761e-01
2.5778e-01
2.4068e-01
2.5198e-01
3.1403e-01
2.8555e-01
2.2422e-01
2.6577e-01
3.3787e-01
2.3620e-01
2.6351e-01
2.2991e-01
2.4575e-01
2.9519e-01
2.5773e-01
2.7655e-01
2.9680e-01
3.0934e-01
2.5393e-01
2.4469e-01
2.5225e-01
2.2936e-01
1.8400e-01
2.3043e-01
2.4858e-01
2.7048e-01
2.6757e-01
2.7920e-01
2.5664e-01
3.1767e-01
2.2854e-01
2.3714e-01
2.8989e-01
2.4661e-01
2.8268e-01
2.4276e-01
2.0628e-01
2.2973e-01
2.7578e-01
3.0594e-01
2.0447e-01
2.5566e-01
2.7753e-01
2.4318e-01
2.8733e-01
3.2508e-01
2.7293e-01
2.4318e-01
2.8171e-01
2.0631e-01
2.3820e-01
2.0889e-01
2.7946e-01
2.8194e-01
2.4972e-01
2.6067e-01
2.9345e-01
2.1246e-01
2.4490e-01
2.8767e-01
2.8652e-01
2.7828e-01
2.6659e-01
2.9832e-01
2.2110e-01
3.0279e-01
2.5087e-01
2.7973e-01
2.6773e-01
2.6233e-01
2.3269e-01
2.1274e-01
1.9689e-01
2.3746e-01
2.3060e-01
2.6220e-01
2.4184e-01
2.3563e-01
2.5597e-01
2.6411e-01
2.3404e-01
2.7606e-01
2.5734e-01
2.2676e-01
2.2921e-01
2.0889e-01
2.8909e-01
2.4045e-01
2.2248e-01
2.1818e-01
2.5393e-01
1.7172e-01
2.4263e-01
3.0000e-01
1.9955e-01
2.9989e-01
2.7703e-01
1.7778e-01
2.0682e-01
2.6052e-01
2.1364e-01
2.4601e-01
2.2971e-01
2.5803e-01
2.0090e-01
2.5167e-01
3.3036e-01
2.6599e-01
3.3709e-01
2.6233e-01
2.8080e-01
2.0545e-01
2.1226e-01
2.1082e-01
3.1222e-01
2.5581e-01
2.7336e-01
2.3884e-01
2.3510e-01
2.2803e-01
2.5307e-01
2.5530e-01
2.9359e-01
3.1320e-01
2.3575e-01
2.3596e-01
2.1719e-01
1.9595e-01
2.2087e-01
2.5420e-01
2.1225e-01
2.9148e-01
2.3438e-01
2.5223e-01
2.7982e-01
3.0995e-01
2.1239e-01
2.7130e-01
1.9908e-01
2.3269e-01
2.7727e-01
2.5984e-01
2.8108e-01
3.2143e-01
2.7440e-01
2.7828e-01
2.6457e-01
2.4661e-01
2.6966e-01
2.1396e-01
2.4524e-01
2.4605e-01
1.9373e-01
1.9322e-01
2.1373e-01
2.6757e-01
2.3777e-01
2.5676e-01
2.7559e-01
2.3628e-01
2.4887e-01
2.6018e-01
2.8795e-01
2.2921e-01
2.6503e-01
2.9200e-01
2.8555e-01
2.2060e-01
2.7313e-01
3.0905e-01
2.9490e-01
2.3603e-01
2.5469e-01
2.5644e-01
2.9556e-01
2.6637e-01
2.3947e-01
2.6363e-01
2.2676e-01
1.9226e-01
2.8493e-01
3.1271e-01
2.7563e-01
2.1333e-01
2.9153e-01
2.5336e-01
1.6703e-01
2.7273e-01
2.4324e-01
2.5280e-01
2.1739e-01
2.6884e-01
2.2259e-01
2.9332e-01
2.9176e-01
2.7991e-01
2.0678e-01
2.8749e-01
3.1680e-01
2.7991e-01
2.3367e-01
3.2417e-01
2.3496e-01
2.8000e-01
2.2752e-01
2.2631e-01
2.6742e-01
2.1759e-01
3.5172e-01
3.1746e-01
2.3669e-01
2.6316e-01
2.1907e-01
2.8764e-01
2.4804e-01
2.4270e-01
2.8444e-01
2.3183e-01
2.6281e-01
2.8652e-01
1.9226e-01
2.4201e-01
2.2385e-01
2.4687e-01
2.1924e-01
2.1896e-01
2.8588e-01
2.6432e-01
2.7679e-01
2.5860e-01
2.0360e-01
2.7602e-01
2.4638e-01
2.1260e-01
2.3282e-01
2.6644e-01
2.5141e-01
2.3669e-01
2.2523e-01
2.6711e-01
3.0795e-01
2.9227e-01
2.5650e-01
3.3561e-01
2.6526e-01
2.9754e-01
2.9210e-01
2.4429e-01
3.4842e-01
2.7621e-01
2.7232e-01
2.8571e-01
2.1652e-01
2.5056e-01
2.8459e-01
3.0034e-01
1.9362e-01
2.8241e-01
2.2371e-01
2.0270e-01
2.5490e-01
2.5397e-01
2.6231e-01
2.7784e-01
2.5084e-01
2.3624e-01
2.7938e-01
2.5918e-01
2.4276e-01
2.6846e-01
2.4450e-01
2.4832e-01
2.7920e-01
2.0230e-01
2.2712e-01
2.5424e-01
2.4687e-01
2.6058e-01
2.7473e-01
2.3111e-01
2.4246e-01
2.3235e-01
2.8715e-01
2.6244e-01
2.8412e-01
2.3862e-01
2.1837e-01
2.0814e-01
3.2883e-01
2.5167e-01
3.2127e-01
2.4014e-01
2.5810e-01
2.5336e-01
2.4520e-01
2.3251e-01
2.4750e-01
2.8358e-01
2.8409e-01
2.7664e-01
2.4915e-01
3.0279e-01
2.6447e-01
2.4524e-01
2.4944e-01
2.6851e-01
3.0365e-01
2.4605e-01
2.3596e-01
2.7876e-01
2.6630e-01
2.3200e-01
2.2222e-01
2.2559e-01
2.5111e-01
2.3523e-01
3.1813e-01
2.5959e-01
2.3059e-01
2.7582e-01
2.1396e-01
2.8428e-01
2.6824e-01
2.1622e-01
2.4146e-01
2.6444e-01
2.5223e-01
2.2974e-01
2.1759e-01
3.0590e-01
2.7520e-01
2.6097e-01
2.4915e-01
2.6764e-01
2.9742e-01
2.7294e-01
2.5085e-01
2.6735e-01
2.5544e-01
3.2203e-01
2.5534e-01
2.6292e-01
2.4805e-01
2.4169e-01
2.2435e-01
2.8345e-01
2.5172e-01
2.7660e-01
2.6087e-01
2.4385e-01
2.0314e-01
2.8053e-01
2.5618e-01
1.9005e-01
2.8281e-01
2.2697e-01
2.7376e-01
2.2110e-01
2.0133e-01
2.6092e-01
2.4208e-01
2.5644e-01
2.6339e-01
2.5934e-01
2.7660e-01
2.6735e-01
1.9604e-01
2.5656e-01
2.4444e-01
2.7009e-01
2.2395e-01
2.5618e-01
2.6554e-01
2.4615e-01
2.6862e-01
2.5561e-01
2.7170e-01
2.5918e-01
2.7434e-01
2.4390e-01
2.7354e-01
2.1837e-01
2.8944e-01
2.5860e-01
2.7621e-01
3.0599e-01
2.8506e-01
2.3947e-01
3.0296e-01
2.4832e-01
2.0455e-01
2.6293e-01
2.5336e-01
2.3196e-01
2.5455e-01
2.7740e-01
2.1413e-01
2.1929e-01
2.2184e-01
2.7273e-01
1.9774e-01
2.4469e-01
2.7784e-01
2.5727e-01
3.1525e-01
3.2123e-01
2.5503e-01
2.3874e-01
2.4420e-01
2.7438e-01
2.4641e-01
2.2348e-01
2.6292e-01
2.8199e-01
2.6923e-01
2.2284e-01
2.2624e-01
3.0415e-01
2.9320e-01
2.4294e-01
2.9068e-01
2.7946e-01
2.3146e-01
2.7865e-01
2.4031e-01
2.3960e-01
2.8365e-01
2.8795e-01
2.3991e-01
2.3583e-01
2.4076e-01
2.7606e-01
2.8670e-01
2.5525e-01
2.1739e-01
2.1778e-01
2.3266e-01
2.2902e-01
3.2067e-01
2.2523e-01
2.5029e-01
2.0000e-01
2.2624e-01
2.3852e-01
2.7090e-01
2.7151e-01
2.3810e-01
2.5530e-01
2.7088e-01
2.4409e-01
2.9227e-01
2.6222e-01
2.2697e-01
2.6375e-01
2.7556e-01
1.9819e-01
2.0362e-01
3.1042e-01
2.7170e-01
2.5114e-01
3.0212e-01
2.0904e-01
3.0599e-01
2.4355e-01
2.5942e-01
2.4746e-01
2.9663e-01
2.3490e-01
2.8457e-01
2.7891e-01
2.7353e-01
2.7847e-01
2.7753e-01
3.2958e-01
3.0645e-01
2.6231e-01
2.8539e-01
2.4802e-01
2.7376e-01
2.8111e-01
2.3950e-01
2.7578e-01
2.1829e-01
2.3318e-01
2.5766e-01
2.2921e-01
2.7679e-01
2.7105e-01
2.2136e-01
2.9162e-01
2.3510e-01
2.1519e-01
1.9149e-01
2.0852e-01
2.6857e-01
2.2272e-01
2.3603e-01
2.5676e-01
2.5708e-01
2.0805e-01
2.2272e-01
2.3831e-01
2.7964e-01
2.7973e-01
2.2184e-01
2.9505e-01
2.6513e-01
2.8864e-01
1.4156e-01
2.5342e-01
2.4583e-01
2.4053e-01
2.3636e-01
2.5612e-01
2.4748e-01
3.1207e-01
2.2395e-01
2.0545e-01
2.4404e-01
2.6835e-01
2.7606e-01
2.9956e-01
2.4644e-01
2.4409e-01
2.4161e-01
2.5832e-01
3.1778e-01
2.4330e-01
1.9053e-01
2.3657e-01
2.7273e-01
2.5282e-01
2.1879e-01
2.8009e-01
3.0056e-01
2.4215e-01
2.0867e-01
2.7884e-01
2.9888e-01
2.1622e-01
2.1082e-01
2.5280e-01
2.9333e-01
2.3937e-01
3.3333e-01
2.8848e-01
2.1886e-01
2.5170e-01
2.0763e-01
2.1826e-01
1.9735e-01
3.4157e-01
2.1729e-01
2.7477e-01
2.0810e-01
2.7497e-01
2.3163e-01
2.5113e-01
1.9551e-01
2.4036e-01
2.3690e-01
2.4605e-01
2.3409e-01
2.8428e-01
2.6009e-01
2.6927e-01
3.4078e-01
2.1989e-01
2.1829e-01
3.0664e-01
2.7517e-01
2.5676e-01
2.4972e-01
2.4554e-01
2.2500e-01
2.8205e-01
2.1847e-01
2.6829e-01
2.9176e-01
2.9279e-01
2.6927e-01
2.6652e-01
2.8217e-01
2.7621e-01
2.1117e-01
3.0864e-01
2.5028e-01
1.7002e-01
2.3230e-01
2.5164e-01
2.0356e-01
2.6872e-01
2.8027e-01
2.4146e-01
2.2075e-01
2.8177e-01
2.8188e-01
2.2011e-01
2.7088e-01
2.7458e-01
2.2974e-01
2.4575e-01
2.3008e-01
2.9932e-01
2.4687e-01
2.4583e-01
2.6424e-01
2.0449e-01
2.9600e-01
2.8412e-01
2.6770e-01
2.2247e-01
2.4379e-01
2.2087e-01
2.7293e-01
2.6923e-01
2.8668e-01
3.1519e-01
2.4439e-01
2.5330e-01
2.5450e-01
2.8587e-01
2.5682e-01
1.8316e-01
2.7253e-01
2.1857e-01
2.5309e-01
2.3371e-01
2.3681e-01
2.2098e-01
2.8234e-01
2.4355e-01
3.1680e-01
2.5307e-01
2.5056e-01
2.2271e-01
3.0137e-01
2.5282e-01
2.8211e-01
2.3077e-01
2.9761e-01
2.7740e-01
2.6786e-01
2.3111e-01
2.5028e-01
1.8721e-01
2.6009e-01
3.1896e-01
2.6043e-01
2.4661e-01
2.3041e-01
2.4693e-01
2.3094e-01
3.0169e-01
2.0877e-01
3.2807e-01
2.6901e-01
2.3640e-01
3.0425e-01
2.3652e-01
2.5664e-01
2.7273e-01
2.2134e-01
2.6889e-01
3.0126e-01
2.6077e-01
1.9728e-01
3.0137e-01
2.1913e-01
2.1826e-01
2.6316e-01
2.9120e-01
2.4239e-01
2.2334e-01
2.3841e-01
2.2573e-01
2.5618e-01
2.1957e-01
2.4404e-01
2.4374e-01
2.5650e-01
1.7127e-01
3.2287e-01
2.3318e-01
2.9180e-01
2.9797e-01
2.3438e-01
2.1404e-01
2.6884e-01
3.1151e-01
2.7171e-01
2.8315e-01
2.5140e-01
2.4886e-01
2.6784e-01
2.3180e-01
2.7212e-01
2.9213e-01
2.6364e-01
2.43303571e-01
2.55033557e-01
1.59817352e-01
1.89732143e-01
2.43303571e-01
3.00776915e-01
2.43735763e-01
2.52252252e-01
2.85238624e-01
3.02378256e-01
2.74971942e-01
2.97052154e-01
2.19347582e-01
3.41685649e-01
2.44094488e-01
2.66816143e-01
2.35294118e-01
2.40740741e-01
2.01814059e-01
2.82932417e-01
2.72321429e-01
3.07349666e-01
2.51121076e-01
2.66075388e-01
3.23220537e-01
2.81993205e-01
2.75138122e-01
2.97848245e-01
2.56179775e-01
2.72101033e-01
2.51977401e-01
2.71714922e-01
2.07674944e-01
2.62222222e-01
2.42009132e-01
2.79279279e-01
2.44040863e-01
1.93220339e-01
2.57270694e-01
2.78835386e-01
2.69911504e-01
3.01907969e-01
2.72116461e-01
2.57803468e-01
2.42630385e-01
2.18079096e-01
2.55295429e-01
2.69876820e-01
2.11235955e-01
2.88288288e-01
2.52480706e-01
2.67734554e-01
2.42390079e-01
2.76595745e-01
2.42630385e-01
2.56756757e-01
2.51131222e-01
3.19196429e-01
2.55295429e-01
2.53664036e-01
2.32815965e-01
2.84280936e-01
2.35880399e-01
2.57847534e-01
