4.7216e-01
5.3075e-01
5.0508e-01
5.3575e-01
4.9660e-01
4.3080e-01
5.3022e-01
4.5535e-01
5.0575e-01
4.6000e-01
5.1333e-01
5.3636e-01
5.5046e-01
5.0113e-01
5.2009e-01
5.0340e-01
5.3915e-01
5.3191e-01
4.8373e-01
4.5559e-01
5.0398e-01
5.5706e-01
4.6682e-01
5.4535e-01
5.0511e-01
5.6285e-01
4.9613e-01
5.2500e-01
5.1297e-01
5.0889e-01
5.2045e-01
5.3760e-01
5.0559e-01
5.3163e-01
5.0623e-01
5.5708e-01
5.3587e-01
5.1339e-01
4.9943e-01
4.8764e-01
5.0224e-01
5.5432e-01
5.4002e-01
5.0227e-01
5.2000e-01
5.3898e-01
4.9887e-01
5.1902e-01
5.2229e-01
4.3493e-01
5.4260e-01
5.3296e-01
5.2620e-01
4.9312e-01
4.5880e-01
5.5506e-01
5.1955e-01
5.0000e-01
5.5928e-01
5.4759e-01
5.0569e-01
5.2370e-01
5.0506e-01
5.1142e-01
4.9831e-01
4.6249e-01
4.9171e-01
5.7637e-01
4.9436e-01
5.2655e-01
5.5703e-01
5.7143e-01
5.2915e-01
5.3881e-01
5.1577e-01
5.1693e-01
4.8058e-01
5.1646e-01
4.8488e-01
5.1732e-01
4.7012e-01
5.0448e-01
4.6682e-01
5.0562e-01
5.0909e-01
4.3902e-01
5.3760e-01
4.8284e-01
4.4091e-01
5.1868e-01
4.9776e-01
4.6042e-01
4.6319e-01
5.0337e-01
5.2727e-01
4.7777e-01
4.9945e-01
5.0787e-01
5.1708e-01
4.8256e-01
4.5805e-01
4.9267e-01
5.2242e-01
5.1047e-01
4.7204e-01
4.3077e-01
5.2349e-01
5.3422e-01
4.8005e-01
5.2306e-01
4.8989e-01
4.5373e-01
4.9441e-01
5.5434e-01
5.2081e-01
5.1910e-01
4.4954e-01
5.0615e-01
4.8689e-01
4.7537e-01
5.0333e-01
5.3047e-01
5.1799e-01
4.7297e-01
5.0943e-01
4.6727e-01
4.7263e-01
4.8546e-01
4.8190e-01
5.4120e-01
4.7668e-01
4.6682e-01
5.3125e-01
5.1656e-01
5.3520e-01
5.0167e-01
4.6485e-01
5.2661e-01
5.4433e-01
4.7964e-01
4.5353e-01
5.1020e-01
5.0400e-01
4.9663e-01
4.6364e-01
4.9436e-01
5.1066e-01
5.1495e-01
5.1381e-01
5.7418e-01
4.6548e-01
5.3708e-01
5.3725e-01
5.1291e-01
5.3504e-01
5.0450e-01
5.3965e-01
5.1724e-01
5.1919e-01
4.6993e-01
4.9552e-01
5.0518e-01
5.2981e-01
5.3288e-01
4.8373e-01
4.4983e-01
5.5079e-01
5.0398e-01
5.1061e-01
5.4989e-01
4.8198e-01
5.0564e-01
4.7571e-01
4.5371e-01
5.2928e-01
4.9370e-01
4.8216e-01
4.7768e-01
5.0831e-01
5.1339e-01
5.2620e-01
4.9776e-01
5.2062e-01
5.0388e-01
4.9280e-01
4.9195e-01
5.1066e-01
4.9718e-01
5.0229e-01
5.3687e-01
5.2715e-01
4.6429e-01
5.0280e-01
5.5207e-01
5.0790e-01
4.7727e-01
5.4072e-01
4.7748e-01
5.0112e-01
5.1121e-01
4.7345e-01
5.0889e-01
5.0513e-01
4.5638e-01
5.2661e-01
4.5880e-01
4.9495e-01
5.0459e-01
5.0396e-01
5.4087e-01
5.3034e-01
5.0865e-01
5.2875e-01
5.3863e-01
4.4905e-01
5.3949e-01
4.9887e-01
5.5504e-01
4.6875e-01
4.7092e-01
5.1890e-01
4.6286e-01
5.3604e-01
5.1732e-01
4.5940e-01
5.3986e-01
4.8148e-01
5.5011e-01
5.0114e-01
5.0673e-01
5.0333e-01
4.6532e-01
4.8816e-01
4.9777e-01
4.8131e-01
4.8373e-01
5.0783e-01
4.8989e-01
5.7753e-01
5.4087e-01
4.9559e-01
5.2285e-01
4.9381e-01
4.9664e-01
4.6561e-01
5.1529e-01
5.1448e-01
5.0448e-01
5.1253e-01
4.5740e-01
5.3400e-01
5.1945e-01
5.0391e-01
4.8337e-01
5.2822e-01
5.2928e-01
5.2731e-01
5.5778e-01
5.5457e-01
4.9608e-01
5.1220e-01
4.8358e-01
4.6861e-01
4.9199e-01
4.9213e-01
5.2661e-01
4.8884e-01
5.3229e-01
5.2719e-01
4.7018e-01
5.1176e-01
4.8998e-01
4.8123e-01
5.6580e-01
5.0221e-01
4.9943e-01
5.0741e-01
4.9441e-01
4.7748e-01
5.4036e-01
5.3915e-01
4.6879e-01
5.2198e-01
5.4181e-01
5.5355e-01
4.7026e-01
5.2316e-01
5.3153e-01
5.0562e-01
4.4743e-01
5.1126e-01
5.3778e-01
4.8917e-01
5.3206e-01
5.2489e-01
5.0171e-01
5.0346e-01
5.3252e-01
4.6622e-01
5.3215e-01
5.2062e-01
5.0511e-01
5.1881e-01
4.9833e-01
5.4318e-01
5.0508e-01
4.7427e-01
5.2822e-01
5.3370e-01
4.8917e-01
5.2055e-01
5.1351e-01
5.1176e-01
4.9724e-01
5.4505e-01
5.1208e-01
5.1839e-01
4.9773e-01
5.0506e-01
4.9199e-01
5.0444e-01
4.5833e-01
4.9443e-01
5.2009e-01
4.3694e-01
4.9433e-01
5.0827e-01
5.1203e-01
5.0225e-01
5.3795e-01
5.2081e-01
4.8869e-01
5.0170e-01
5.0909e-01
5.2954e-01
5.2466e-01
4.8989e-01
5.0000e-01
5.0169e-01
5.0452e-01
4.5169e-01
5.0336e-01
4.7416e-01
5.2968e-01
4.5801e-01
5.3125e-01
5.2198e-01
5.1333e-01
5.4018e-01
5.4525e-01
5.3571e-01
4.9660e-01
5.1081e-01
5.3483e-01
5.1165e-01
4.9046e-01
4.7689e-01
5.0388e-01
5.0340e-01
4.8603e-01
5.2707e-01
4.7486e-01
5.0168e-01
4.6060e-01
5.3723e-01
5.2901e-01
4.7178e-01
5.3793e-01
4.9339e-01
4.6232e-01
4.9217e-01
4.9033e-01
4.1855e-01
4.3800e-01
5.2434e-01
5.1454e-01
5.2144e-01
5.2036e-01
5.1938e-01
4.8980e-01
5.3600e-01
5.1400e-01
5.0564e-01
4.8115e-01
4.8438e-01
4.9002e-01
4.8822e-01
5.0615e-01
5.1285e-01
5.2500e-01
5.5307e-01
4.6591e-01
5.1400e-01
4.9381e-01
5.2561e-01
4.5143e-01
5.5355e-01
5.0058e-01
4.7846e-01
4.8502e-01
4.8387e-01
4.9887e-01
5.2232e-01
5.1066e-01
5.3235e-01
4.7924e-01
5.7174e-01
5.4444e-01
5.0562e-01
4.9774e-01
5.1016e-01
4.9779e-01
4.6050e-01
5.1810e-01
4.8970e-01
5.1171e-01
4.7720e-01
4.9318e-01
5.6571e-01
5.1947e-01
5.4597e-01
4.9608e-01
5.1448e-01
5.1763e-01
5.0111e-01
4.9206e-01
5.1225e-01
4.3938e-01
5.0682e-01
4.7497e-01
4.9831e-01
5.2285e-01
5.2444e-01
4.7263e-01
5.3034e-01
4.8597e-01
5.0056e-01
5.2531e-01
5.4402e-01
4.9488e-01
4.6622e-01
5.2413e-01
4.4828e-01
4.7213e-01
5.1126e-01
4.7265e-01
5.0328e-01
5.4709e-01
5.2875e-01
4.9367e-01
5.0567e-01
5.2360e-01
5.0396e-01
5.4157e-01
5.0333e-01
5.0171e-01
5.1419e-01
5.1176e-01
4.9661e-01
4.9775e-01
4.8800e-01
5.0000e-01
4.7826e-01
5.1474e-01
4.9433e-01
5.3524e-01
5.3898e-01
4.9330e-01
5.2475e-01
4.8000e-01
5.4494e-01
5.1259e-01
4.9493e-01
5.5630e-01
5.1577e-01
4.9887e-01
4.8706e-01
5.0790e-01
5.0168e-01
4.9312e-01
5.1502e-01
5.1902e-01
4.8858e-01
5.5107e-01
5.2027e-01
5.7603e-01
5.2135e-01
4.7727e-01
4.9095e-01
4.2634e-01
4.9833e-01
5.2902e-01
4.8380e-01
5.2523e-01
5.1351e-01
4.8058e-01
4.9379e-01
5.4709e-01
4.8636e-01
5.3296e-01
5.1441e-01
4.9376e-01
4.8800e-01
5.0057e-01
4.9217e-01
4.9055e-01
5.0221e-01
4.8023e-01
4.6858e-01
4.7026e-01
5.3022e-01
5.2994e-01
5.0623e-01
5.4961e-01
5.8474e-01
5.0564e-01
5.3086e-01
5.1259e-01
4.7297e-01
4.8515e-01
4.9029e-01
5.0168e-01
4.4408e-01
5.1052e-01
4.4595e-01
5.0998e-01
5.5581e-01
5.4839e-01
5.2752e-01
5.3311e-01
4.8796e-01
4.9831e-01
4.8630e-01
4.7523e-01
5.3139e-01
4.9777e-01
4.9943e-01
4.8770e-01
4.8373e-01
4.9168e-01
5.4444e-01
4.7523e-01
5.1025e-01
5.1663e-01
5.0564e-01
5.5281e-01
5.4338e-01
4.6993e-01
4.8630e-01
4.8098e-01
5.1171e-01
5.0960e-01
4.6697e-01
5.3089e-01
5.7671e-01
5.2637e-01
4.8468e-01
5.3986e-01
4.9887e-01
4.7865e-01
5.0506e-01
5.1302e-01
5.3468e-01
5.0728e-01
5.2339e-01
5.3931e-01
4.6939e-01
4.8454e-01
4.9887e-01
4.8874e-01
5.1487e-01
4.5172e-01
5.0731e-01
5.1007e-01
5.0337e-01
4.2603e-01
5.4124e-01
4.7777e-01
5.2862e-01
4.8931e-01
4.4407e-01
4.9722e-01
5.4639e-01
4.7973e-01
4.8049e-01
5.3829e-01
5.0056e-01
5.1964e-01
4.7846e-01
4.9666e-01
4.9890e-01
4.9373e-01
5.2862e-01
5.2520e-01
5.0745e-01
4.8917e-01
5.5125e-01
5.1839e-01
4.8090e-01
5.5782e-01
5.0787e-01
5.1693e-01
5.3182e-01
4.8770e-01
5.4926e-01
4.7241e-01
4.9605e-01
6.0449e-01
5.3333e-01
4.8664e-01
4.8416e-01
5.3777e-01
5.1147e-01
5.1007e-01
5.1247e-01
4.8655e-01
5.4382e-01
5.4378e-01
4.7537e-01
5.0056e-01
5.1025e-01
5.4020e-01
4.9719e-01
5.1394e-01
5.1685e-01
4.9889e-01
4.7856e-01
5.2497e-01
4.8770e-01
5.1482e-01
5.3914e-01
5.0617e-01
5.1542e-01
5.1508e-01
4.9387e-01
5.8036e-01
5.1856e-01
4.6785e-01
5.0838e-01
5.2981e-01
5.2444e-01
5.5061e-01
4.4671e-01
5.0277e-01
5.1529e-01
5.3356e-01
5.3196e-01
5.1927e-01
5.5556e-01
5.1508e-01
5.0168e-01
4.7746e-01
4.8701e-01
5.1881e-01
5.2090e-01
4.8423e-01
5.5257e-01
5.3744e-01
5.1732e-01
5.5061e-01
5.2477e-01
4.8970e-01
5.2100e-01
5.1406e-01
5.2573e-01
5.1425e-01
5.4362e-01
4.6154e-01
4.9834e-01
4.7942e-01
4.8165e-01
5.3333e-01
5.1542e-01
5.3288e-01
4.6000e-01
5.0849e-01
5.1400e-01
4.9828e-01
5.1717e-01
5.6800e-01
5.5655e-01
5.4015e-01
5.1646e-01
5.3881e-01
5.3244e-01
5.3863e-01
4.8230e-01
4.6319e-01
4.6916e-01
5.5655e-01
4.5740e-01
4.2890e-01
5.3986e-01
5.0056e-01
4.8387e-01
4.4835e-01
5.1910e-01
5.0731e-01
5.1181e-01
5.1106e-01
5.8011e-01
4.9832e-01
5.2731e-01
5.0391e-01
4.8416e-01
5.2794e-01
5.4402e-01
4.7875e-01
4.9020e-01
5.2232e-01
4.9606e-01
5.0849e-01
4.8927e-01
4.9490e-01
4.7157e-01
4.9722e-01
4.4914e-01
4.8993e-01
5.1701e-01
5.1708e-01
4.8115e-01
5.0280e-01
4.9663e-01
5.0452e-01
4.7545e-01
5.1126e-01
4.9499e-01
4.8444e-01
5.3462e-01
5.3741e-01
5.0386e-01
5.6902e-01
5.3191e-01
5.2055e-01
4.9608e-01
5.2794e-01
4.3955e-01
4.5928e-01
5.1864e-01
4.9548e-01
4.7463e-01
4.7973e-01
5.0881e-01
5.6757e-01
5.3273e-01
4.4081e-01
4.9888e-01
5.0223e-01
5.7240e-01
5.5703e-01
5.0965e-01
4.9552e-01
5.7790e-01
5.2072e-01
5.0673e-01
5.3970e-01
4.9832e-01
4.9387e-01
5.0340e-01
4.8365e-01
5.2218e-01
4.7157e-01
4.7463e-01
5.0783e-01
4.9160e-01
4.9497e-01
5.2446e-01
4.7416e-01
5.2994e-01
5.6648e-01
4.6893e-01
5.0873e-01
5.1522e-01
5.2626e-01
5.0721e-01
5.1955e-01
4.9661e-01
4.7059e-01
4.6953e-01
5.2306e-01
4.7250e-01
5.1047e-01
5.4157e-01
4.8315e-01
5.1701e-01
5.3047e-01
5.0224e-01
5.1412e-01
5.0960e-01
4.9220e-01
4.8946e-01
5.0506e-01
5.5066e-01
4.8837e-01
5.6384e-01
4.9779e-01
5.0457e-01
4.9433e-01
5.0834e-01
5.0731e-01
4.6681e-01
4.8712e-01
4.8832e-01
4.6893e-01
4.6785e-01
4.5233e-01
4.7119e-01
4.5536e-01
5.1057e-01
4.9773e-01
5.0511e-01
5.1964e-01
5.7351e-01
5.2955e-01
5.6589e-01
5.2328e-01
5.0909e-01
5.2928e-01
5.3311e-01
5.5084e-01
4.5701e-01
5.4036e-01
4.5778e-01
5.2731e-01
4.5880e-01
5.1991e-01
5.3182e-01
4.7250e-01
4.8387e-01
5.4157e-01
4.6577e-01
5.3916e-01
4.9160e-01
5.4917e-01
5.0289e-01
5.4260e-01
5.1963e-01
4.8643e-01
5.0459e-01
5.0223e-01
4.8481e-01
5.3604e-01
5.1549e-01
4.5455e-01
4.5373e-01
4.9944e-01
5.0057e-01
4.8344e-01
4.9438e-01
4.9667e-01
5.1577e-01
5.0169e-01
5.1848e-01
4.6999e-01
5.1902e-01
5.2968e-01
4.8822e-01
4.9833e-01
4.9944e-01
4.9718e-01
4.8758e-01
5.3265e-01
5.4162e-01
5.3378e-01
5.3215e-01
5.0277e-01
5.0913e-01
5.0853e-01
4.7777e-01
5.2577e-01
5.6453e-01
5.1591e-01
5.3111e-01
5.1724e-01
4.8689e-01
4.6380e-01
4.6457e-01
5.1121e-01
5.0281e-01
5.0504e-01
5.3778e-01
5.2000e-01
4.3805e-01
5.3636e-01
5.2446e-01
5.3898e-01
5.7418e-01
5.3520e-01
5.3547e-01
5.1562e-01
5.0400e-01
4.8993e-01
4.8307e-01
5.5606e-01
4.9666e-01
5.0901e-01
5.1351e-01
4.9774e-01
5.0169e-01
5.3400e-01
4.7309e-01
4.3596e-01
5.1467e-01
5.3073e-01
5.2695e-01
5.0281e-01
5.2273e-01
4.9606e-01
5.1740e-01
5.1488e-01
4.8931e-01
4.9384e-01
5.5606e-01
5.4994e-01
5.2834e-01
4.8475e-01
5.0511e-01
4.8330e-01
4.3561e-01
5.2164e-01
5.1096e-01
4.7178e-01
4.9330e-01
5.2679e-01
5.6092e-01
5.3829e-01
4.87179487e-01
4.86363636e-01
4.81481481e-01
5.05202312e-01
4.53932584e-01
5.24886878e-01
5.19729425e-01
4.97777778e-01
5.41095890e-01
5.20971302e-01
5.04545455e-01
5.36772777e-01
5.06117909e-01
5.67080045e-01
4.75000000e-01
5.49107143e-01
5.32008830e-01
4.78841871e-01
5.43429844e-01
4.73565804e-01
4.92737430e-01
4.57330416e-01
5.43113102e-01
5.05061867e-01
5.42730300e-01
5.12623491e-01
4.75706215e-01
5.16310461e-01
5.19015660e-01
4.55156951e-01
5.54311310e-01
5.02242152e-01
5.17241379e-01
5.37598204e-01
5.15695067e-01
4.73214286e-01
5.01714286e-01
5.19908987e-01
5.02283105e-01
5.06696429e-01
4.92769744e-01
5.45770568e-01
5.27313266e-01
4.72747497e-01
4.84676504e-01
5.76365663e-01
5.04972376e-01
5.10807736e-01
5.08232711e-01
4.69746975e-01
4.62053571e-01
5.13083049e-01
5.12087912e-01
4.89167617e-01
5.32058493e-01
5.16384181e-01
5.23269012e-01
5.45150502e-01
5.15951595e-01
4.61711712e-01
5.12906846e-01
5.14806378e-01
5.27027027e-01
5.48165138e-01
